"Subject"	"Activity"	"tBodyAcc-mean()-X"	"tBodyAcc-std()-X"	"tGravityAcc-mean()-X"	"tGravityAcc-std()-X"	"tBodyAccJerk-mean()-X"	"tBodyAccJerk-std()-X"	"tBodyGyro-mean()-X"	"tBodyGyro-std()-X"	"tBodyGyroJerk-mean()-X"	"tBodyGyroJerk-std()-X"	"fBodyAcc-mean()-X"	"fBodyAcc-std()-X"	"fBodyAccJerk-mean()-X"	"fBodyAccJerk-std()-X"	"fBodyGyro-mean()-X"	"fBodyGyro-std()-X"
1	"LAYING"	0.22159824394	-0.9280564692	-0.24888179828	-0.8968300184	0.0810865342	-0.958482112	-0.016553093978	-0.87354386782	-0.107270949192	-0.9186085208	-0.9390990524	-0.9244374346	-0.9570738838	-0.9641607086	-0.850249174586	-0.8822964508
2	"LAYING"	0.281373403958333	-0.974059464791667	-0.509754238125	-0.959014441458333	0.0825972511666667	-0.98587216875	-0.01847660675	-0.988275232916667	-0.101974134208333	-0.993235849166667	-0.976725059791667	-0.973246482083333	-0.985813630833333	-0.987250255833333	-0.9864311425	-0.988860685833333
3	"LAYING"	0.275516852741935	-0.982776639193548	-0.241758478064516	-0.982512193064516	0.0769811125806452	-0.98087931483871	-0.0208170540330645	-0.974545752096774	-0.10004449883871	-0.980328645	-0.980665609032258	-0.983691129032258	-0.980513202258064	-0.983122615967742	-0.970167262903226	-0.975986433709677
4	"LAYING"	0.263559214981481	-0.954193738888889	-0.420664662222222	-0.921199965925926	0.0934494217777778	-0.978302781111111	-0.00923156347222222	-0.973102422222222	-0.105019877685185	-0.975103204259259	-0.958802077592593	-0.952464881481481	-0.978542457407407	-0.980079292592593	-0.967203736481482	-0.975094739444444
5	"LAYING"	0.278334325576923	-0.965934509615385	-0.483470597692308	-0.945695336153846	0.0848164824230769	-0.983307862115385	-0.0218935013501923	-0.979498706538461	-0.102114125	-0.983422257692308	-0.968741678461538	-0.964953893653846	-0.982689657115385	-0.985625270384615	-0.975797491730769	-0.980705769807692
6	"LAYING"	0.248656520140351	-0.934049422052632	-0.47670987877193	-0.887746310350877	0.0963481955263158	-0.966341054736842	-0.0079605026754386	-0.955378225087719	-0.111267284631579	-0.939611608245614	-0.939114254210526	-0.932462941461404	-0.967072436842105	-0.968619159473684	-0.935439769649123	-0.962164978596491
7	"LAYING"	0.250176694038462	-0.93651361	-0.502814250576923	-0.914221270096154	0.0968904018076923	-0.980977756153846	-0.00282641913096154	-0.9601268225	-0.105944243484615	-0.9738372325	-0.953424245576923	-0.931120580576923	-0.980393046923077	-0.983560175384615	-0.953684547692308	-0.962348254423077
8	"LAYING"	0.261254282907407	-0.94304121537037	-0.405930036111111	-0.918873192333333	0.0878326902592593	-0.973253042222222	0.00535361206851852	-0.965204017592593	-0.106445008314815	-0.969924077407407	-0.953538563888889	-0.940125298333333	-0.973110596111111	-0.975959911481481	-0.957903886111111	-0.967846360740741
9	"LAYING"	0.2591955368	-0.94233309	-0.5802528348	-0.9218210626	0.08807344764	-0.9647404702	-0.013632036148	-0.9422465098	-0.10384667982	-0.945329035	-0.946865494	-0.9409810272	-0.964304065	-0.9686013042	-0.930297921	-0.9463891504
10	"LAYING"	0.280230574137931	-0.968283685	-0.453069737586207	-0.954531941896552	0.073815064487931	-0.978007466724138	-0.019555937162069	-0.961713199827586	-0.100308254413793	-0.965900578103448	-0.96918420862069	-0.96796803862069	-0.979014668793104	-0.978904364137931	-0.953793912068965	-0.96454456637931
11	"LAYING"	0.280592970877193	-0.98477733	-0.134832031403509	-0.97956560245614	0.0766645337017544	-0.985259108596491	-0.0191743840136842	-0.980836884561403	-0.102297501877193	-0.981724838421053	-0.983801365614035	-0.985322211929825	-0.984884874385965	-0.987122678245614	-0.97618747122807	-0.982424585438596
12	"LAYING"	0.260113433	-0.95531868	-0.3785920653	-0.936458309333333	0.0854295393833333	-0.969276283333333	-0.0146546807316667	-0.966090742	-0.0990402297166667	-0.9671982025	-0.956248487666667	-0.955207641833333	-0.968742758833333	-0.972820011166667	-0.9566538865	-0.969254585333333
13	"LAYING"	0.276716360483871	-0.968891989354839	-0.156852206467742	-0.957875244677419	0.0767774832096774	-0.98541995	-0.00973609968045161	-0.972143470322581	-0.101835573822581	-0.981404742903226	-0.974716920483871	-0.966960088387097	-0.985199684354839	-0.98707817516129	-0.96946349	-0.973446792419355
14	"LAYING"	0.233275439803922	-0.917501887333333	-0.145483631627451	-0.862136937254902	0.098140384845098	-0.971473557058824	0.00505221181607843	-0.957221015098039	-0.105446637019608	-0.970274962745098	-0.933936178235294	-0.911972655156863	-0.972010709215686	-0.973491388039216	-0.949959040588235	-0.959740488627451
15	"LAYING"	0.2894756525	-0.972255551527778	-0.1719930545	-0.961509742916667	0.0767515438611111	-0.981739386805556	-0.0168300887791667	-0.957167680694444	-0.102266714236111	-0.97392395125	-0.974016176527778	-0.971718824583333	-0.981329999027778	-0.983949290694444	-0.955413596111111	-0.958224495416667
16	"LAYING"	0.274227162571429	-0.973691429428571	-0.206783742242857	-0.963761977857143	0.0783960268571429	-0.988416723857143	-0.0161545406857143	-0.977010769857143	-0.1022095722	-0.985835459428571	-0.980213187428571	-0.971409075142857	-0.988580046285714	-0.989287359142857	-0.975892407428571	-0.977509583571429
17	"LAYING"	0.269780085577465	-0.972960567323944	-0.19913309	-0.961063222394366	0.077908974656338	-0.981489017183099	-0.0234756467113239	-0.975893061830986	-0.102049763957746	-0.980792372112676	-0.974359280140845	-0.972438525352113	-0.98147206915493	-0.983213244366197	-0.971949211126761	-0.977203498309859
18	"LAYING"	0.274691576923077	-0.984527649230769	-0.220600509076923	-0.982715987538462	0.0749985010769231	-0.985921071076923	-0.02517618068	-0.992872598	-0.0997154236307692	-0.996104441384615	-0.985179972153846	-0.984321858307692	-0.986404709384615	-0.986641245846154	-0.992436927692308	-0.993019371692308
19	"LAYING"	0.272653733493976	-0.965019579518072	-0.680043155060241	-0.958959611084337	0.0772317998650602	-0.983605223493976	-0.0312072730559566	-0.981357611445783	-0.0956018266746988	-0.976105663493976	-0.97453373	-0.962085001204819	-0.983478561807229	-0.985278006987952	-0.974196217590361	-0.983944795060241
20	"LAYING"	0.239507882205882	-0.962249114705882	-0.472431415573529	-0.928674215147059	0.0892716006470588	-0.984270728235294	-0.0231760616308824	-0.984477414264706	-0.0995033069117647	-0.989283577352941	-0.965728781617647	-0.960997907205882	-0.983889985147059	-0.986213883088235	-0.982619403529412	-0.985154588529412
21	"LAYING"	0.271325472455556	-0.955019866222222	-0.174349174822222	-0.945905270555556	0.0820150201077778	-0.984826520888889	-0.0305126188777778	-0.975411857555556	-0.0964118375066667	-0.984643717333333	-0.968234375555556	-0.950929451222222	-0.984188841222222	-0.987061376777778	-0.973410473	-0.976226919888889
22	"LAYING"	0.279959721194444	-0.947735251944444	-0.418494577083333	-0.928781249027778	0.0752202242222222	-0.970355191527778	-0.0208311371125	-0.956641905833333	-0.100203934722222	-0.972092602916667	-0.953758542777778	-0.945656808055556	-0.969570326944444	-0.974126068055556	-0.95336692	-0.958030986944444
23	"LAYING"	0.274038007986111	-0.956756363194444	-0.391564962777778	-0.947948758194444	0.0831787608333333	-0.986360446805556	-0.0113399724663889	-0.981849400972222	-0.102024922819444	-0.985027850416667	-0.970037238333333	-0.952410957638889	-0.986204659166667	-0.987840852638889	-0.979676078055556	-0.982665212638889
24	"LAYING"	0.272850494930556	-0.967984021111111	-0.359292534027778	-0.960412164305556	0.08072123275	-0.98636543375	-0.0143679929444444	-0.982651720138889	-0.102813809652778	-0.979865720555556	-0.975893687083333	-0.965167081805556	-0.985998546805556	-0.988140517777778	-0.976570564027778	-0.984713284166667
25	"LAYING"	0.250791828613699	-0.909116474109589	-0.461102531369863	-0.829554947808219	0.0879071687671233	-0.973323412328767	0.00372723459589041	-0.889769639726027	-0.101646999342466	-0.957381145068493	-0.929147371232877	-0.902547712465753	-0.972859085753425	-0.976423984657534	-0.890517539315068	-0.891308069041096
26	"LAYING"	0.271645864540789	-0.969445445263158	-0.621309715263158	-0.944472488552632	0.0866502529210526	-0.989315824868421	-0.0170656239526316	-0.990328197763158	-0.100368640868421	-0.992665154868421	-0.973262289210526	-0.967971891447368	-0.989224043947368	-0.990410106973684	-0.988386324868421	-0.990970119605263
27	"LAYING"	0.274102492432432	-0.978455153108108	-0.530434604864865	-0.971183862702703	0.0766268551324324	-0.986471899324324	-0.0195427328781081	-0.988837212162162	-0.101147695256757	-0.993503720810811	-0.980631846891892	-0.977615702567568	-0.986679572567568	-0.987477465405405	-0.987028539054054	-0.989382328918919
28	"LAYING"	0.2759134825	-0.9688882955	-0.490334541875	-0.970599089375	0.0780770644	-0.9801647165	-0.017367705735	-0.95516227975	-0.1045116270375	-0.9608029485	-0.9739308675	-0.967324863875	-0.980013419	-0.98220590125	-0.946804234625	-0.958092114
29	"LAYING"	0.287295196811594	-0.984219555507246	-0.346789842753623	-0.972939889855073	0.0718861195971014	-0.99200598942029	-0.0258281004782609	-0.994276591304348	-0.0995339880724638	-0.99654254057971	-0.986626999275362	-0.983432309130435	-0.992153982028986	-0.99254347826087	-0.99312260884058	-0.994652185217391
30	"LAYING"	0.281033900571429	-0.976362515428571	-0.344737755285714	-0.979563942714286	0.0752196666428571	-0.977463775571429	-0.0267812218571429	-0.973662822428571	-0.102277358585714	-0.983775833714286	-0.974789999285714	-0.977045260571429	-0.976887901571429	-0.980350748142857	-0.971789052714286	-0.974488400714286
1	"SITTING"	0.261237565425532	-0.977229008297872	0.831509933404255	-0.968457145744681	0.0774825199574468	-0.986430711276596	-0.045350056512766	-0.977211283191489	-0.0936793807234043	-0.99173159212766	-0.979641238723404	-0.976412313191489	-0.986597022553191	-0.987492994468085	-0.976161464042553	-0.977904227021277
2	"SITTING"	0.27708735173913	-0.986822279565217	0.940477273043478	-0.979988760869565	0.0722564387173913	-0.988055854130435	-0.0454706620434783	-0.985742027826087	-0.0936328412826087	-0.989709023043478	-0.985803840652174	-0.98736209	-0.987848793695652	-0.989459107391304	-0.982621389565217	-0.986808501521739
3	"SITTING"	0.257197599134615	-0.971010120961538	0.901098984615385	-0.957324457884615	0.0726098418653846	-0.974467390384615	-0.0385365204807692	-0.965434768461538	-0.103605889057692	-0.972546905961538	-0.970154440961538	-0.971605878461538	-0.974950363461538	-0.976283534807692	-0.957550637692308	-0.968013062884615
4	"SITTING"	0.27153827992	-0.980309931	0.8693030064	-0.9814052948	0.0784500239	-0.9767421962	-0.04944351156	-0.9701317904	-0.09694948424	-0.9698997312	-0.9774624984	-0.9819081892	-0.9768457126	-0.9787769122	-0.9605896358	-0.973333107
5	"SITTING"	0.273694139545455	-0.980945022045455	0.880731443863636	-0.983137541590909	0.0749577410909091	-0.975204850227273	-0.0422355209795455	-0.966225485	-0.0889747665681818	-0.966037012045455	-0.977450812045455	-0.9825908425	-0.976024951136364	-0.976530547272727	-0.957117251818182	-0.969390369318182
6	"SITTING"	0.276778487454545	-0.980164933636364	0.933692934909091	-0.988872369272727	0.0754721635223636	-0.969929476363636	-0.0372442282830909	-0.957367681818182	-0.0936693524363636	-0.943714804727273	-0.975351454727273	-0.982451284727273	-0.971037479818182	-0.971488767454545	-0.939671400545455	-0.963407046545455
7	"SITTING"	0.284674637291667	-0.972668374583333	0.969147824375	-0.957082433333333	0.0668519793125	-0.982158098125	-0.04963797197125	-0.941870953333333	-0.0938155625083333	-0.974369045625	-0.972697126875	-0.972879966041667	-0.982037243958333	-0.984026344375	-0.9436317575	-0.9427264225
8	"SITTING"	0.267491472934783	-0.979026152391304	0.832453878043478	-0.966757967173913	0.0786713761086957	-0.985188753695652	-0.0547396987173913	-0.984524052826087	-0.0923150250434783	-0.993264647391304	-0.981142909782609	-0.978256730652174	-0.984977270652174	-0.986913610652174	-0.982200309782609	-0.985339301521739
9	"SITTING"	0.24832674354	-0.9572277914	0.9163245106	-0.9552804062	0.077005006374	-0.9645358564	-0.042328876778	-0.9590200492	-0.0930708106	-0.9645323452	-0.959413594	-0.956903459	-0.9655962396	-0.9666604036	-0.950315237	-0.9618360162
10	"SITTING"	0.270612056481481	-0.982901825925926	0.791887198148148	-0.973128354074074	0.0775372505185185	-0.988946414074074	-0.0432432176851852	-0.988873097222222	-0.0931555026481481	-0.992326657222222	-0.984943144259259	-0.982242427777778	-0.989365013888889	-0.989550917407407	-0.986477363333333	-0.989712360740741
11	"SITTING"	0.276590197358491	-0.982796562075472	0.871963798301887	-0.988069341132075	0.0761777324716981	-0.980335163584906	-0.0399984915849057	-0.988164911509434	-0.0948423481320755	-0.990501518301887	-0.981481454339623	-0.983389810188679	-0.980831750377358	-0.981607942075472	-0.985106875471698	-0.989189512641509
12	"SITTING"	0.275007224901961	-0.982568781960784	0.926228975490196	-0.985203642352941	0.0771277656078431	-0.976494200784314	-0.0424159182941176	-0.974425351960784	-0.0941023489803922	-0.977329927254902	-0.97966614372549	-0.98399947745098	-0.977109887058824	-0.977980349019608	-0.968528985294118	-0.976339901372549
13	"SITTING"	0.274328499591837	-0.989546275306122	0.92557651244898	-0.981379112653061	0.0752865881142857	-0.992827264081633	-0.0355124856836735	-0.985844263265306	-0.095919848877551	-0.991371016938775	-0.990135477755102	-0.989410582653061	-0.992678212653061	-0.99368217	-0.983218202857143	-0.986714694081633
14	"SITTING"	0.279990577037037	-0.976302248148148	0.939038759814815	-0.976280399444444	0.0741878844074074	-0.980890655185185	-0.0440403326851852	-0.980829981481481	-0.0921614578888889	-0.990284240185185	-0.976456609259259	-0.976303056851852	-0.981566649444444	-0.981920831111111	-0.978577117592593	-0.981573087222222
15	"SITTING"	0.27290337979661	-0.987084356101695	0.89036426220339	-0.982620883728814	0.0784792788644068	-0.988162333898305	-0.0377111130338983	-0.988204115254237	-0.0953649067966102	-0.992889042711864	-0.986619609491525	-0.987384778983051	-0.988106102033898	-0.989314359661017	-0.986152580338983	-0.988881930508475
16	"SITTING"	0.280768574492754	-0.986825605362319	0.942457377971014	-0.980158243333333	0.0734346720289855	-0.990861134782609	-0.0412014042275362	-0.981037373333333	-0.0957204520289855	-0.98958327942029	-0.987043828985507	-0.986892418405797	-0.990964251304348	-0.991567867681159	-0.978632856956522	-0.982057861449275
17	"SITTING"	0.2773570196875	-0.9944439053125	0.94488374765625	-0.99019661703125	0.075070986171875	-0.99434060296875	-0.042549159015625	-0.98963832578125	-0.094247696875	-0.9952559371875	-0.9939693815625	-0.99465731359375	-0.99454262109375	-0.9946131621875	-0.98841106765625	-0.99004126046875
18	"SITTING"	0.27727001877193	-0.994347988596491	0.909816469298246	-0.994043771403509	0.076622889	-0.991624662105263	-0.0333057034385965	-0.991956958947368	-0.0954723233684211	-0.994170190701754	-0.993144920175439	-0.994906565789474	-0.991924709824561	-0.992039060701754	-0.989961500350877	-0.992575399473684
19	"SITTING"	0.273830316164384	-0.976357663013699	0.581371509041096	-0.969355010136986	0.0753747129191781	-0.987043285479452	-0.0214151280054795	-0.984625306849315	-0.100986131452055	-0.988464752739726	-0.979238031780822	-0.975204245342466	-0.986775590136986	-0.988576991369863	-0.981743664931507	-0.985576048219178
20	"SITTING"	0.278045439090909	-0.983081858939394	0.924454522424242	-0.985829034393939	0.0746568393030303	-0.982078229242424	-0.036405928969697	-0.976309017121212	-0.0959970816060606	-0.977414910909091	-0.981203064242424	-0.98397837530303	-0.982243603030303	-0.983565760757576	-0.969913284393939	-0.978433538484848
21	"SITTING"	0.277539616823529	-0.991777287176471	0.940031368	-0.992936404470588	0.0757109789882353	-0.989439392235294	-0.0198712820612471	-0.988410501294118	-0.101114775129412	-0.989472968470588	-0.990610228	-0.992375229411765	-0.989759187058823	-0.990027822470588	-0.984893559764706	-0.98955931
22	"SITTING"	0.273583822709677	-0.978466823709677	0.839305928709677	-0.972009988709677	0.0807687311935484	-0.981664149193548	-0.0360430675032258	-0.981099172419355	-0.0986493161935484	-0.985671250322581	-0.978505368225806	-0.97862319016129	-0.980944505967742	-0.984299609032258	-0.977266731129032	-0.982373346290323
23	"SITTING"	0.273351251617647	-0.987607636617647	0.936509242941176	-0.984536722205882	0.0770022352205882	-0.984561803823529	-0.0472583464367647	-0.980363734264706	-0.0967422192647059	-0.987084633970588	-0.986325670882353	-0.988345258235294	-0.984550863529412	-0.986019630441176	-0.977149986617647	-0.981523241176471
24	"SITTING"	0.273475690147059	-0.990593766617647	0.919637604411765	-0.989660149852941	0.0763318528529412	-0.988564382205882	-0.0356229619955882	-0.988111648676471	-0.0951782658382353	-0.991442007794118	-0.989529506764706	-0.991100005441176	-0.988857403235294	-0.9892888075	-0.985676523823529	-0.988891551764706
25	"SITTING"	0.278541482461538	-0.991892828615385	0.865686078153846	-0.988879980615385	0.0752087009912308	-0.992278621692308	-0.0352052091230769	-0.989907584153846	-0.0954801379692308	-0.992304653846154	-0.991405498153846	-0.992124279384615	-0.992478846153846	-0.992750109846154	-0.988002552461538	-0.990550003076923
26	"SITTING"	0.258243530166667	-0.979768987948718	0.782955611794872	-0.965082925641026	0.0764443226333333	-0.99225839525641	-0.0370217449628205	-0.991027700512821	-0.095984817	-0.995882512051282	-0.982579546025641	-0.978755176794872	-0.992025427435897	-0.99329986051282	-0.990144882307692	-0.991318436410256
27	"SITTING"	0.273941302571429	-0.988580107714286	0.839464714	-0.982445738	0.0779038963571429	-0.990658097857143	-0.0371830822285714	-0.988492425142857	-0.0951635808	-0.993640318285714	-0.988682108428571	-0.988659196428571	-0.990839607428571	-0.991292270714286	-0.987207904714286	-0.988984618428571
28	"SITTING"	0.276977629444444	-0.983272806805556	0.907331309166667	-0.989132499583333	0.0768671621527778	-0.976286679444444	-0.0339018030166667	-0.979671983472222	-0.0953935055833333	-0.982155662638889	-0.979820142638889	-0.984956708611111	-0.976891804583333	-0.977786782222222	-0.973724326388889	-0.98161514125
29	"SITTING"	0.2771799775	-0.9907450195	0.891563755166667	-0.984679151833333	0.0745438102516667	-0.993525560333333	-0.0379271112333333	-0.990178704833333	-0.0953636995833333	-0.9933220295	-0.991093963666667	-0.990617521	-0.993445760166667	-0.9942201755	-0.988393569	-0.990727755166667
30	"SITTING"	0.268336081379032	-0.983622744193548	0.825473836935484	-0.978364712258065	0.0760057731790323	-0.988864577419355	-0.0358426482048387	-0.988132669516129	-0.095270767516129	-0.993868545483871	-0.985008785	-0.983231005483871	-0.988775436451613	-0.990017564516129	-0.987034626451613	-0.988484803225806
1	"STANDING"	0.278917629056604	-0.995759901509434	0.942952000377358	-0.99376298509434	0.0753766542264151	-0.994604542264151	-0.0239877347979245	-0.987191946603774	-0.0996092129056604	-0.992945106981132	-0.995249932641509	-0.99602834509434	-0.994630797358491	-0.995073759245283	-0.986386786037736	-0.987497128679245
2	"STANDING"	0.277911472222222	-0.987271889259259	0.896928566851852	-0.986685818703704	0.0747588597592593	-0.981085715555556	-0.0238623875712963	-0.972998629814815	-0.105562157888889	-0.979324000740741	-0.983946739814815	-0.989056469814815	-0.980973241666667	-0.983007923703704	-0.967037112037037	-0.97498812462963
3	"STANDING"	0.280046513278689	-0.96674254295082	0.93503077852459	-0.982020428032787	0.0750900622277049	-0.957086489344262	-0.0246626070770492	-0.900462227540984	-0.0994602620655738	-0.940937642459016	-0.960123409508197	-0.969931287377049	-0.957666856721311	-0.960570921803279	-0.901282267540984	-0.901985672459016
4	"STANDING"	0.280499745892857	-0.97692058	0.95619779125	-0.972908355892857	0.0721328379857143	-0.972586541964286	-0.0306449342357143	-0.909687974464286	-0.103057894142857	-0.949633878571429	-0.973497549642857	-0.978737637678571	-0.972310894285714	-0.975706723571429	-0.905464161964286	-0.912464793928571
5	"STANDING"	0.282544390892857	-0.968591815714286	0.960188699107143	-0.974088206071429	0.0725189859107143	-0.962647080178571	-0.0322711902673214	-0.910395222321429	-0.0922249863035714	-0.941930044107143	-0.964500917321429	-0.97066840875	-0.963059235178571	-0.965778920714286	-0.909661802321429	-0.912780915714286
6	"STANDING"	0.280346248596491	-0.981758159649123	0.945139003859649	-0.985583066842105	0.0730699604561404	-0.973132635789474	-0.028251913022807	-0.947561298596491	-0.103292534210526	-0.946423593157895	-0.977100287368421	-0.984067374035088	-0.97348053877193	-0.975235677719298	-0.931612384385965	-0.952817395263158
7	"STANDING"	0.282723539433962	-0.979307570377358	0.958728687924528	-0.987917503962264	0.0751915112830189	-0.976403544716981	-0.0291582212545283	-0.945247687358491	-0.0901539662169811	-0.96598339754717	-0.976681834339623	-0.980541336037736	-0.976323086226415	-0.978729082830189	-0.938121637735849	-0.947891986226415
8	"STANDING"	0.279620986111111	-0.988815418148148	0.957669921111111	-0.987690217222222	0.0753739045185185	-0.989198879814815	-0.0219671978203704	-0.972990379814815	-0.097757576	-0.981573085740741	-0.988219862222222	-0.98918374962963	-0.989029238518519	-0.990414086851852	-0.969677435925926	-0.974200997592593
9	"STANDING"	0.282310057333333	-0.975741252444444	0.961323502222222	-0.989103160444444	0.0760032053555556	-0.969973398888889	-0.029183136346	-0.921990612	-0.095897704	-0.949105691555556	-0.971662692	-0.977579248444444	-0.971313768666667	-0.971278823333333	-0.916974437555556	-0.924738576444444
10	"STANDING"	0.276650300681818	-0.978403481818182	0.954008785454545	-0.991259485	0.0809784390227273	-0.964311490454545	-0.0281854325604545	-0.929895057954545	-0.104753833181818	-0.950367548409091	-0.970099814318182	-0.982949246136364	-0.963565166136364	-0.968612135909091	-0.924005912954545	-0.932273942727273
11	"STANDING"	0.277715562765957	-0.994978878723404	0.956464535957447	-0.994529398085106	0.0760097721914894	-0.992527404255319	-0.0293141521489362	-0.980242494680851	-0.099519355893617	-0.986690403617021	-0.993808050638298	-0.995573762978723	-0.992385450851064	-0.993414564042553	-0.978301717234043	-0.981009115744681
12	"STANDING"	0.277405834918033	-0.981243992459016	0.957317821803279	-0.985314210491803	0.0744631761967213	-0.972440195081967	-0.0300030427426229	-0.883655251803279	-0.0976380412377049	-0.955415641803279	-0.976469472295082	-0.983647207377049	-0.971971634098361	-0.975581439016393	-0.890292711147541	-0.884385204098361
13	"STANDING"	0.277758431052632	-0.991020759298246	0.942695296842105	-0.992232401754386	0.0758630962280702	-0.987636104210526	-0.0295492164431579	-0.955577395789474	-0.0981199986666667	-0.978465124561404	-0.989425965614035	-0.991817705263158	-0.988198276666667	-0.988185112807018	-0.957154108421053	-0.955818411578947
14	"STANDING"	0.280545613833333	-0.973268905	0.875319569	-0.972005366333333	0.0737933748485	-0.978248526	-0.0220886526891667	-0.9610917615	-0.100718458866667	-0.969948875166667	-0.9726995625	-0.973605553666667	-0.97818164	-0.980396601666667	-0.957111767	-0.962741032833333
15	"STANDING"	0.278915803962264	-0.988949247358491	0.965528899622642	-0.988432084716981	0.0752280703207547	-0.985459068490566	-0.0262433562254717	-0.947790802075472	-0.101358786226415	-0.971514312075472	-0.986724998867925	-0.990060962641509	-0.985353492641509	-0.986934133584906	-0.950380286226415	-0.948275234150943
16	"STANDING"	0.283497402948718	-0.989076811794872	0.941587749358974	-0.985359689871795	0.0736438905641026	-0.991026497435897	-0.0299337294166667	-0.973400107564103	-0.100107332602564	-0.987102322692308	-0.989427670897436	-0.989100620641026	-0.991038638974359	-0.991847149615385	-0.973157351666667	-0.973926885
17	"STANDING"	0.277942503333333	-0.991163919871795	0.904678547435897	-0.985751365769231	0.0740864955641026	-0.992094005512821	-0.0269576937130769	-0.981373082948718	-0.101289168653846	-0.989257196282051	-0.990927533846154	-0.991318528333333	-0.992129225769231	-0.992775377692308	-0.980696264102564	-0.981791318076923
18	"STANDING"	0.278458805890411	-0.992019762739726	0.947573239863014	-0.994270075205479	0.0753539482328767	-0.989436673835616	-0.0265873248835616	-0.962254249589041	-0.0987174024657534	-0.981970965890411	-0.990409919315068	-0.992789068493151	-0.989544971232877	-0.990287933424657	-0.964428926438356	-0.962272711643836
19	"STANDING"	0.27817226	-0.989910996849315	0.944045837534247	-0.992411542465753	0.0754120366712329	-0.984792035205479	-0.025090574020274	-0.946109711917808	-0.0990467890520548	-0.97512668739726	-0.987352048356164	-0.991161671369863	-0.985039596164384	-0.985913722328767	-0.947865639178082	-0.946607045616438
20	"STANDING"	0.278076904657534	-0.967209961232877	0.911231752465753	-0.981916942054795	0.0763556159315068	-0.959528332191781	-0.0241335049573973	-0.886749172739726	-0.102049132684932	-0.921644239863014	-0.96193272890411	-0.96980617890411	-0.959710489315069	-0.963098911506849	-0.881019424794521	-0.890525705068493
21	"STANDING"	0.27695224258427	-0.981419961123596	0.881213341910112	-0.982906668876405	0.0754543858764045	-0.97706335011236	-0.0191731896359551	-0.962514526067416	-0.103199796370787	-0.971866494606742	-0.978327686179775	-0.982892836629213	-0.976803010674157	-0.979530485393258	-0.956989964269663	-0.964530315842697
22	"STANDING"	0.279053861587302	-0.985000527142857	0.954064297619048	-0.992827298253968	0.0752322891746032	-0.975639080634921	-0.0275201762126984	-0.917837043333333	-0.0975013472380952	-0.949716028730159	-0.980373909206349	-0.987400306031746	-0.974969214761905	-0.978773000952381	-0.917018098571429	-0.919851782380952
23	"STANDING"	0.277899323235294	-0.985421519558824	0.919857125882353	-0.984610385	0.0750206478676471	-0.983141958970588	-0.0327397745133823	-0.942011240294118	-0.0981481050441177	-0.972770702058824	-0.983627197058824	-0.986333385588235	-0.983283252058823	-0.984531642205882	-0.947510436323529	-0.941698515588235
24	"STANDING"	0.280348883913043	-0.98725587115942	0.96644228	-0.992197591884058	0.0746177416521739	-0.980573836811594	-0.0278611511434783	-0.960738660289855	-0.0991947719855072	-0.975856809130435	-0.984183633623188	-0.988851853478261	-0.98116164057971	-0.981721691014493	-0.958540187246377	-0.961885695217391
25	"STANDING"	0.278013701621622	-0.991970126756757	0.929794733108108	-0.993148267702703	0.0752337295675676	-0.988312658378378	-0.0247946750959459	-0.971357421216216	-0.100473697756757	-0.977909693918919	-0.990093202837838	-0.992851743243243	-0.988404654864865	-0.989339890810811	-0.96807852527027	-0.97266417
26	"STANDING"	0.281127035405405	-0.993069368783784	0.965460891621622	-0.992678782162162	0.0753578207972973	-0.990498355	-0.0245345837959459	-0.973785111216216	-0.100355997108108	-0.978472409324324	-0.991993372297297	-0.993702408378378	-0.990586982162162	-0.991275662027027	-0.969364268513514	-0.975321645675676
27	"STANDING"	0.279566921625	-0.9919515835	0.965351492	-0.994012162875	0.074969980825	-0.987628362	-0.026731653905	-0.9699020075	-0.0987605078625	-0.9826424495	-0.99012181225	-0.99287582525	-0.987771749375	-0.98860681	-0.970149628875	-0.970221836375
28	"STANDING"	0.277795069113924	-0.977748638607595	0.948514848481013	-0.990059426582279	0.0753131601898734	-0.968604559620253	-0.0253281543540506	-0.884032232405063	-0.102248409070886	-0.928343397721519	-0.97251980164557	-0.98026749	-0.968513715189873	-0.971672796708861	-0.880426103164557	-0.886706768227848
29	"STANDING"	0.277965065846154	-0.996068635384615	0.974508732	-0.996764227384615	0.0753052530307692	-0.993652820615385	-0.0276075573307692	-0.977994819846154	-0.0988701505538462	-0.983293061692308	-0.995024039692308	-0.996604570307692	-0.993736906	-0.994123423538462	-0.974485449538462	-0.979162564923077
30	"STANDING"	0.277112699152542	-0.977559426949153	0.968556705084746	-0.996420919152542	0.0752414472033898	-0.968430745254237	-0.027613853538983	-0.911408517966102	-0.0997160228220339	-0.960119074237288	-0.972014050847458	-0.980426575762712	-0.967857589322034	-0.972216728644068	-0.915742855084746	-0.911718163220339
1	"WALKING"	0.277330758736842	-0.283740258842105	0.935223201473684	-0.976609642526316	0.0740416333157895	-0.113615602435789	-0.041830963526	-0.473535485894737	-0.0899975423705263	-0.207421854757895	-0.202794306326316	-0.319134719578947	-0.170546964549579	-0.133586606326316	-0.339032197115789	-0.516691938736842
2	"WALKING"	0.276426586440678	-0.423642838474576	0.91301733338983	-0.972693201355932	0.0618080696279661	-0.277530462620339	-0.0530258157347458	-0.561550255762712	-0.0818833429152542	-0.389549831525424	-0.346048161016949	-0.457651383728814	-0.304615322881356	-0.31431306340678	-0.429713536101695	-0.604053019152542
3	"WALKING"	0.275567462068966	-0.360356726034483	0.936506743275862	-0.97777159137931	0.0814745882660345	-0.26867964387931	-0.0256405192517241	-0.571869560172414	-0.0952398165017241	-0.385922986034483	-0.316614011689655	-0.379276781206897	-0.304694442551724	-0.296596633103448	-0.437845763793103	-0.615121369827586
4	"WALKING"	0.278582015166667	-0.440829971333333	0.963999696833333	-0.983826494833333	0.0783529082183333	-0.297042612533333	-0.0317982557795	-0.500916659	-0.115321556475	-0.492341066833333	-0.426719449666667	-0.447234929666667	-0.358883413666667	-0.29732607245	-0.373384540666667	-0.542646759
5	"WALKING"	0.27784234625	-0.294098534232143	0.972624959821429	-0.979348381428571	0.0845888833571429	-0.302891024625	-0.0488919896632143	-0.490877497857143	-0.0888408355267857	-0.357681403285714	-0.287782607410714	-0.297517355196429	-0.344954806428571	-0.3213903195	-0.372668749642857	-0.529392790178571
6	"WALKING"	0.283658868070175	-0.296538717368421	0.958067455087719	-0.977779896491228	0.0699585876912281	-0.132784766936842	-0.025509618645614	-0.446020952631579	-0.0878891090105263	-0.18260093354386	-0.187934323140351	-0.34522769	-0.150942917824561	-0.19269469414386	-0.239650710533333	-0.515323854385965
7	"WALKING"	0.275592961754386	-0.327243240701754	0.932566472280702	-0.979851271403509	0.0901462649192983	-0.346026226140351	0.00228835208526316	-0.503313517017544	-0.123654199751333	-0.21166729682807	-0.343048405789474	-0.322034908070175	-0.383715797719298	-0.365314790947368	-0.318395104666667	-0.563615256666667
8	"WALKING"	0.27468631	-0.173605736002083	0.913586347916667	-0.974752050208333	0.0703393490833333	-0.2586886278125	0.0235088228254167	-0.1992097184375	-0.135886431360417	-0.2460827504375	-0.247389011875	-0.148386858858333	-0.311198711041667	-0.271448185291667	-0.102063053808333	-0.234252005895833
9	"WALKING"	0.278502842115385	-0.238353562692308	0.951867079615385	-0.980971973653846	0.0704357270480769	-0.206733787961538	-0.0808360598653846	-0.476163506730769	-0.0809204094461538	-0.526985309038462	-0.294711163653846	-0.218019977423077	-0.314265401346154	-0.170228340134423	-0.383676120961538	-0.507404512692308
10	"WALKING"	0.278574076603774	-0.178709734396226	0.963092149811321	-0.974435158113208	0.0857943809283019	-0.0521991013207547	0.0106894976215094	-0.414205475283019	-0.122709563462264	-0.366063723207547	-0.114190001283019	-0.206366497226415	-0.107941107467925	-0.0791518267107547	-0.277913780754717	-0.458292932830189
11	"WALKING"	0.271821892881356	-0.422842071864407	0.946468451355932	-0.98110101440678	0.0829709328491525	-0.428516343559322	-0.0426928995457627	-0.596346930847458	-0.0918204195491525	-0.541616397118644	-0.396533731864407	-0.433703311525424	-0.453265268813559	-0.45394304	-0.514753307627119	-0.623150268983051
12	"WALKING"	0.2771286656	-0.128898533096	0.9668735148	-0.97911312	0.045764401482	-0.01350661106	-0.1045136708758	-0.5462634706	-0.06223893174	-0.3908072382	-0.05435763951	-0.160707260634	-0.08161979534	-0.03105929456	-0.4019759318	-0.5931428818
13	"WALKING"	0.275883130350877	-0.346980394210526	0.910855709298246	-0.97254492245614	0.0809590227198246	-0.220910068015789	-0.0174207634701754	-0.376059914210526	-0.0966598593263158	-0.216812065298246	-0.335030121052632	-0.353299848947368	-0.290460801694737	-0.219716159766667	-0.192856474047368	-0.435714710526316
14	"WALKING"	0.271959598644068	-0.402639098135593	0.802973961525424	-0.974816884237288	0.0720877913452542	-0.454497019661017	-0.00347655062271186	-0.60038822220339	-0.110656054802153	-0.571759911525424	-0.421498172542373	-0.395859985762712	-0.472360616779661	-0.484797709830508	-0.508595851864407	-0.630082075932203
15	"WALKING"	0.273899207962963	-0.327961801111111	0.951524391481481	-0.978397287962963	0.0897770721666667	-0.373217585	-0.0554883847662963	-0.329624620185185	-0.0776692754648148	-0.283767987222222	-0.31744092037037	-0.332520626851852	-0.39082198537037	-0.411500068148148	-0.253399360296296	-0.357633378703704
16	"WALKING"	0.276023564509804	-0.404692523921569	0.925981326078431	-0.982469595490196	0.0770223771764706	-0.396223738431373	-0.0151721912792157	-0.654171847058823	-0.110917348282353	-0.675889722745098	-0.394790433529412	-0.409070488039216	-0.44140618254902	-0.402884115098039	-0.59574648627451	-0.673741136862745
17	"WALKING"	0.272341855245902	-0.31950017295082	0.92811236852459	-0.980983351639344	0.0773188580032787	-0.355492635409836	-0.00922265519180328	-0.47981351295082	-0.109959237927869	-0.431296148196721	-0.360991674918033	-0.304806274098361	-0.423446094590164	-0.343866129016393	-0.40771670852459	-0.504849290819672
18	"WALKING"	0.273887758571429	-0.37600552125	0.92386524875	-0.983010882678571	0.0767524278392857	-0.368056913928571	-0.0399399716026786	-0.7044397775	-0.0966435295642857	-0.578133968392857	-0.37147515625	-0.378068199285714	-0.414797154464286	-0.375992795357143	-0.609673434464286	-0.734901390178571
19	"WALKING"	0.273931172307692	-0.0489049407963462	0.935222559230769	-0.9698614625	0.0822246284461538	0.110306729315577	-0.0274970979894231	-0.0264357957923077	-0.0832353261384615	0.0801186523134615	-0.0299815666923077	-0.0578820787019231	0.0336380997853846	0.0908366492173077	0.228142361865385	-0.108388809533846
20	"WALKING"	0.272589336470588	-0.208342792019608	0.899965205686274	-0.970327266470588	0.0841234323137255	-0.090645041854902	-0.0234104225980392	-0.23294061427451	-0.0679992365372549	-0.253227445431373	-0.147404272166667	-0.234985644352941	-0.138717234372549	-0.122237205541176	-0.0936248686019608	-0.279931528352941
21	"WALKING"	0.279183526730769	-0.297814843538462	0.862524800961538	-0.969576355384615	0.0782251820211538	-0.114888873837692	-0.0459323393842308	-0.432232883846154	-0.0868767709153846	-0.238908311384615	-0.273496158519231	-0.308547185288462	-0.200442011365385	-0.107412802661538	-0.246657382884615	-0.491859244230769
22	"WALKING"	0.27886459	-0.00865921919565217	0.936096410434783	-0.969643448043478	0.0627777634002174	0.0358787094391304	0.0007771571	-0.318537865869565	-0.132977562363043	-0.226656401521739	-0.0994928588891304	0.0243958191369565	-0.0367047077608696	0.0180047785304348	-0.144648652152174	-0.374496318695652
23	"WALKING"	0.273211884237288	-0.313521773389831	0.939809688644068	-0.977230903898305	0.0987319085964407	-0.229328122305085	-0.0631156870355932	-0.494322648644068	-0.0578128239067797	-0.363969434576271	-0.275404187920339	-0.329807279830508	-0.290410454881356	-0.235172990305085	-0.337619203050847	-0.545051691694915
24	"WALKING"	0.276980816034483	-0.47076236637931	0.95970108137931	-0.983132400344828	0.0731938975362069	-0.485863255344828	-0.0545126870724138	-0.580597373275862	-0.0625311679982759	-0.490773455517241	-0.492419802586207	-0.462733639137931	-0.509628168793103	-0.507640734482759	-0.468295081206897	-0.616915839310345
25	"WALKING"	0.278992759054054	-0.596007443513514	0.937483114459459	-0.979499263243243	0.0721720712281081	-0.607620931621622	-0.0156305378067568	-0.401158753783784	-0.102377269321622	-0.507957094054054	-0.609038908918919	-0.591449956486486	-0.625595376891892	-0.624145724594595	-0.411909719594595	-0.406678108108108
26	"WALKING"	0.279264443728814	-0.340185527559322	0.960647754576271	-0.980055651016949	0.0652303740728813	-0.328452881355932	-0.00334085938813559	-0.492885711355932	-0.099411456038983	-0.417438636101695	-0.321959549661017	-0.34799792561017	-0.36422676440678	-0.351065957627119	-0.368112905762712	-0.532999609491525
27	"WALKING"	0.276849485438596	-0.348475560526316	0.944759287368421	-0.979866136842105	0.0684331971807018	-0.316184021578947	-0.08558835714	-0.606860248596491	-0.0786163508824035	-0.523256879298246	-0.308702374385965	-0.365256349298246	-0.345482736842105	-0.346610413333333	-0.498017935263158	-0.642349125614035
28	"WALKING"	0.281228223888889	-0.293003522222222	0.942930275555556	-0.976693902592593	0.0931122231851852	-0.335700184259259	-0.105896207861111	-0.503798624074074	-0.092974671262963	-0.399417082777778	-0.280062182962963	-0.298832423148148	-0.36260198037037	-0.367116416481481	-0.374681071666667	-0.545480217777778
29	"WALKING"	0.271999916792453	-0.174337940226415	0.96237438509434	-0.978253538867925	0.0853743348528302	-0.22143354279434	-0.00795668167188679	-0.598868670943396	-0.10688830318283	-0.395909621509434	-0.135819505761321	-0.190355976849057	-0.210469887150943	-0.307336669773585	-0.431490048490566	-0.654313559056604
30	"WALKING"	0.276406758	-0.346394275230769	0.965217551076923	-0.979752466923077	0.0688689970184615	-0.374400941384615	-0.0459505355861538	-0.387920593846154	-0.0873839917276923	-0.460345386153846	-0.351402910907692	-0.344928112461538	-0.389595631107692	-0.415135398	-0.374440300461538	-0.399032346
1	"WALKING_DOWNSTAIRS"	0.289188320408163	0.0300353383483878	0.931874418979592	-0.950559811632653	0.0541553164897959	-0.012283860544898	-0.0350781902989796	-0.458030542938775	-0.0739592036271429	-0.487027342244898	0.0382291831510204	0.0243308391387755	-0.0276638676122449	-0.0863278966402041	-0.352449631363265	-0.495422486102041
2	"WALKING_DOWNSTAIRS"	0.27761534806383	0.0463666814446808	0.861831345531915	-0.940361759574468	0.110040615569574	0.147249143238298	-0.11594735287234	-0.320789230008511	-0.0581038498510638	-0.243940592553192	0.112841160325532	0.0161046198595745	0.138120681087234	0.0499590624829787	-0.145775970406383	-0.379436674361702
3	"WALKING_DOWNSTAIRS"	0.292423484693878	-0.0574100475102041	0.939057787755102	-0.950061129591837	0.0725689294489796	-0.0858010042244898	-0.13157327645102	-0.261653414014286	-0.0778701650285714	-0.285683162346939	-0.0421706943244898	-0.0654417192653061	-0.0906707125102041	-0.165442898685714	-0.129066574295918	-0.30863033105102
4	"WALKING_DOWNSTAIRS"	0.279965329555556	0.0111935496222222	0.947731858666667	-0.955258881333333	0.0971862748866667	-0.145759708684667	-0.102838822533333	-0.370244695288889	-0.0921282734666667	-0.395995494444444	-0.0722392276888889	0.0390098262533333	-0.16163290774	-0.208250062317778	-0.240298893435556	-0.414919000955556
5	"WALKING_DOWNSTAIRS"	0.29354392712766	0.275046110468085	0.956649352553192	-0.950490938510638	0.109650600459574	0.0322415501638298	-0.068294569906383	-0.46064684487234	-0.110149008255319	-0.411302217446809	0.0984320090212766	0.336554724893617	-0.0368012151170213	0.011055933212766	-0.295345101425532	-0.51494094106383
6	"WALKING_DOWNSTAIRS"	0.277045258145833	0.383681639791667	0.928531455208333	-0.9544062675	0.103681343708333	0.165271070858333	-0.0960837437708333	-0.19830385328125	-0.0256452232354167	0.0393387960854167	0.328308506041667	0.403369766666667	0.136554991314583	0.0886515099394167	0.0633716052854167	-0.286724914610417
7	"WALKING_DOWNSTAIRS"	0.28030708	0.0660815600978723	0.930623632765957	-0.964875962978723	0.0968926184638298	0.0285033927287234	-0.105409612961702	-0.407744096	-0.0597273512680851	-0.510731018297872	0.0443428315319149	0.0730110797851064	-0.0305226686191489	-0.00426289144680851	-0.33930147	-0.432730974446809
8	"WALKING_DOWNSTAIRS"	0.283484089210526	0.0241393473736842	0.914023498421053	-0.945766561578947	0.118938088342105	0.250143724521053	-0.121189625973684	-0.258430885531579	-0.0349283489710526	-0.267887897328947	0.136590199860526	-0.0260463260078947	0.214841402815789	0.172658982065789	-0.130740445236842	-0.302735102631579
9	"WALKING_DOWNSTAIRS"	0.295923445	0.213392270547619	0.938417773333333	-0.952141220714286	0.130193043809524	0.017623342197619	-0.0916383011071429	-0.396429197952381	-0.094591202447619	-0.509669314047619	0.103128506197619	0.250488758869048	-0.0645354342404762	0.00938224337142857	-0.325042890904762	-0.423558773952381
10	"WALKING_DOWNSTAIRS"	0.290401594315789	0.295733547631579	0.939807421052632	-0.939267613157895	0.100959387447368	0.223275806105263	-0.124839594289474	-0.304745377026316	-0.0643764005526316	-0.416986139210526	0.215665273157895	0.324957743157895	0.181419131002632	0.156912678626316	-0.214350280079211	-0.339514358157895
11	"WALKING_DOWNSTAIRS"	0.291605631956522	0.142456557034783	0.941746406521739	-0.954497498695652	0.0897168657173913	-0.0834212653347826	-0.12506869905	-0.374069023580435	-0.0220916265065217	-0.53437494826087	0.0351937228130435	0.179906764395652	-0.120463004665217	-0.12834163051087	-0.318777012804348	-0.397722757934783
12	"WALKING_DOWNSTAIRS"	0.281521097391304	0.0424084916086956	0.949861980652174	-0.959504017391304	0.0621500251717391	0.00631914373913043	-0.112531564434783	-0.362143061643478	-0.0264668968652174	-0.278608163891304	0.0235049348717391	0.0483347068913043	-0.00701472271717392	-0.072311431676087	-0.178856167345652	-0.4223632375
13	"WALKING_DOWNSTAIRS"	0.294907553404255	-0.0681563626617021	0.941875619787234	-0.952643084042553	0.101704538333298	-0.0740908045319149	-0.122672201757447	-0.417014161553191	-0.0647199842553191	-0.463736674255319	-0.0726602663212766	-0.0680436217021277	-0.11485155627234	-0.114744976032191	-0.319677124659574	-0.452190386808511
14	"WALKING_DOWNSTAIRS"	0.293422115555556	0.0178313402266667	0.81629643	-0.919098794	0.0428631626711111	0.0129597549231111	-0.0147079653333333	-0.354551638377778	-0.108620377713333	-0.537002097555556	0.0212541553977778	0.0140826092322222	-0.0337820458644444	-0.0302396365755556	-0.295315541666667	-0.378882872733333
15	"WALKING_DOWNSTAIRS"	0.280198851190476	0.406471051190476	0.932302200476191	-0.942806478333333	0.0711457160166667	0.134593836190476	-0.136618653071429	-0.318692525928571	-0.0482532079928571	-0.455980756428571	0.235309825547619	0.466325681428571	0.0619687485333333	0.108062740547619	-0.22735956545	-0.351630000285714
16	"WALKING_DOWNSTAIRS"	0.295586802191489	0.207251997929787	0.917818427021277	-0.957785118085106	0.0907857064255319	-0.101186926595745	-0.0225373369978723	-0.45418847106383	-0.103904044543617	-0.623676024255319	0.0368263528276596	0.266115492098298	-0.155444882765957	-0.125682818093191	-0.420844008625532	-0.470373498510638
17	"WALKING_DOWNSTAIRS"	0.29391828326087	0.187719760269565	0.928817578043478	-0.950026242173913	0.118250858006522	-0.103436471413043	0.0677728390673913	-0.370436868891304	-0.1077700285	-0.526801825217391	-0.0226239171245652	0.258941676302174	-0.215092049054348	-0.0718767032673913	-0.316412962967391	-0.393194731747826
18	"WALKING_DOWNSTAIRS"	0.288439468909091	-0.302634565090909	0.932277478363636	-0.960404874545455	0.0809044045254545	-0.387223932363636	-0.0576548655654545	-0.502473033509091	-0.0836566573181818	-0.676716181636364	-0.350086793272727	-0.285535871636364	-0.412728286727273	-0.416050500909091	-0.489232274509091	-0.513947089545455
19	"WALKING_DOWNSTAIRS"	0.262688053871795	0.626917070512821	0.881940855128205	-0.899726139487179	0.0730930306923077	0.544273037307692	-0.205775427307692	0.267657219333333	-0.0337429578461538	0.179148649684615	0.537012022051282	0.658506543333333	0.474317256051282	0.476803887476923	0.474962448333333	0.196613286661538
20	"WALKING_DOWNSTAIRS"	0.296144421355556	0.0745098785288889	0.91972663	-0.940458075111111	0.0695031058	-0.135699627468889	-0.111367747557778	-0.204939567711111	-0.0452503065777778	-0.249235098988889	-0.0343309987555556	0.113033424261778	-0.199360430553978	-0.147278592755556	-0.0629572600911111	-0.253365630644444
21	"WALKING_DOWNSTAIRS"	0.3014610196	0.224343492244444	0.872683205555556	-0.940194827777778	0.0901452883333333	0.00214655719111111	-0.126388023595556	-0.442148617666667	-0.0726461849022222	-0.549648320222222	0.104323529982222	0.266987750733333	-0.0377894711288889	-0.0463867896444444	-0.366748752888889	-0.469790144111111
22	"WALKING_DOWNSTAIRS"	0.284458963861111	0.348618168333333	0.921820641944444	-0.941242334722222	0.101584640833333	0.0869139849722222	-0.0779611213138889	-0.237349190997222	-0.0901744530194444	-0.264848047888889	0.195348406222222	0.402891960277778	0.0383364203555556	0.0404618458027778	-0.0954349339722222	-0.284532358444444
23	"WALKING_DOWNSTAIRS"	0.289897411148148	0.0441392843425926	0.923711401296296	-0.950790837407407	0.0578010605648148	0.198947061775926	-0.0578230190203704	-0.416133032777778	-0.117725824412963	-0.32301569962963	0.205428216353704	-0.0282962478037037	0.201542909494444	0.0819587190574074	-0.214730713222222	-0.482598325037037
24	"WALKING_DOWNSTAIRS"	0.288631208909091	-0.08273248054	0.950883416727273	-0.961845327454545	0.0802619828545455	-0.337218894	-0.0867069010690909	-0.431919067945455	-0.0914145014654545	-0.358444550225455	-0.222324293454545	-0.0349085946785455	-0.376175794909091	-0.355930598	-0.272469211854545	-0.484894683818182
25	"WALKING_DOWNSTAIRS"	0.291329666206897	-0.253756934258621	0.929627532241379	-0.964470066724138	0.110656929396552	-0.501968387931034	0.00299112856551724	-0.288824754586207	-0.127952445399655	-0.430134387586207	-0.372245192931034	-0.213028874331034	-0.525789450689655	-0.522153341034483	-0.217799723931034	-0.316252107741379
26	"WALKING_DOWNSTAIRS"	0.2792845828	0.17395384962	0.9467972718	-0.9627219918	0.111470787918	-0.128111641206	-0.010752208236	-0.33131291446	-0.0992465275036	-0.170842676616	0.022800096142	0.22678384386	-0.201368098258	-0.130825898392	-0.12591815458	-0.3981998635
27	"WALKING_DOWNSTAIRS"	0.2975441875	0.167407531090909	0.931380178636364	-0.946975165	0.0936273220295455	-0.00358338882727273	-0.159826551905227	-0.363722908386364	-0.0515814754272727	-0.493837613409091	0.0829831545090909	0.194912716568182	-0.0437826262613636	-0.0522811342045455	-0.2966286115	-0.390968436431818
28	"WALKING_DOWNSTAIRS"	0.293642076521739	0.125712887943478	0.929291680434783	-0.956921542391304	0.0972653457891304	-0.0167652227782609	-0.141096309502174	-0.268106330991304	-0.0266492977565217	-0.16394489726087	0.0890721752173913	0.137797082826087	-0.0268676982326087	-0.0980112293695652	-0.0299969963043478	-0.345453346086957
29	"WALKING_DOWNSTAIRS"	0.293140441083333	0.167383602458333	0.948486215	-0.9417361925	0.0636871965479167	-0.023952574044375	-0.0374126070957292	-0.282077257508333	-0.0743986469979167	-0.347807556958333	0.110663200244167	0.187438624270833	-0.0382458213333333	-0.0986379156229167	-0.18941800145	-0.319123137947917
30	"WALKING_DOWNSTAIRS"	0.283190646967742	-0.0577703163548387	0.958000491451613	-0.958890388709677	0.0883933037048387	-0.226643901120968	-0.0745591301759677	-0.265923160895161	-0.0615954583870968	-0.542764507096774	-0.106966957087097	-0.0405257091567742	-0.234923146633871	-0.289802729403226	-0.263061628069355	-0.278386596338226
1	"WALKING_UPSTAIRS"	0.255461689622641	-0.35470802509434	0.89335109754717	-0.956367027924528	0.101372729922642	-0.446843887735849	0.050549379754717	-0.544871104528302	-0.122232768011321	-0.614786508490566	-0.404321784150943	-0.337428188679245	-0.479875245660377	-0.461907025849057	-0.492611667924528	-0.565892490754717
2	"WALKING_UPSTAIRS"	0.247164790395833	-0.304376406458333	0.790717418541667	-0.934407739791667	0.0744507839572917	-0.276121886479167	-0.0576912634583333	-0.439253058958333	-0.0828858001333333	-0.464854363125	-0.266720933270833	-0.320582414375	-0.258639439729167	-0.365415441458333	-0.331643577458333	-0.476358845625
3	"WALKING_UPSTAIRS"	0.260819873067797	-0.313123437627119	0.883533436101695	-0.944040819322034	0.0426880986186441	-0.458364616949153	0.0721980309322034	-0.456039262525424	-0.115510569491525	-0.507270757966102	-0.392004211474576	-0.285333024050847	-0.478434306271186	-0.486446509661017	-0.378216681762712	-0.484820991355932
4	"WALKING_UPSTAIRS"	0.270876696730769	-0.204933042903846	0.946264314423077	-0.958495235576923	0.0560971909634615	-0.380488027307692	0.0393825198942308	-0.454431043269231	-0.1314720713	-0.533666803846154	-0.294488270365385	-0.173217219014423	-0.418304647307692	-0.396762584807692	-0.3710689925	-0.483548693461538
5	"WALKING_UPSTAIRS"	0.268459469914894	-0.0457237779851064	0.936821834893617	-0.95357996893617	0.0795443483829787	-0.223896564340426	0.0395191121489362	-0.443342262340426	-0.143029686361702	-0.305245202489362	-0.161485339978723	-0.00473819670425532	-0.289725470425532	-0.22532784293617	-0.263615096246809	-0.501685580212766
6	"WALKING_UPSTAIRS"	0.268229355098039	-0.0501350188513725	0.913632241568627	-0.959399425098039	0.07210675	-0.180301156098039	-0.0767406825588235	-0.321973723647059	-0.0652024492378431	-0.186763293747059	-0.131075372803922	-0.0211335627276471	-0.244812769960784	-0.186815074235294	-0.115065008156863	-0.390248128039216
7	"WALKING_UPSTAIRS"	0.248706923078431	-0.29487297445098	0.81874656	-0.932823053333333	0.0724649938509804	-0.415153115882353	-0.138778108029412	-0.363853236862745	-0.0856640866647059	-0.616812659215686	-0.336199426470588	-0.279870086215686	-0.454647881960784	-0.426974025686275	-0.383889342745098	-0.368636961470588
8	"WALKING_UPSTAIRS"	0.258880152048781	-0.171712174634146	0.860368718780488	-0.926673287804878	0.0813816809395122	-0.186618895268293	0.19270447595122	-0.367428367219512	-0.15544567414878	-0.40507069195122	-0.166411065387805	-0.175284990170732	-0.200277249165854	-0.24733661795122	-0.240260761682927	-0.409955580780488
9	"WALKING_UPSTAIRS"	0.262436475714286	-0.36144437755102	0.902647777755102	-0.954383557142857	0.0692266245755102	-0.335291644693878	-0.16396719	-0.343976630734694	-0.0684689593355102	-0.660419534285714	-0.342735952653061	-0.369815777346939	-0.402044750408163	-0.327421989591837	-0.313941631326531	-0.361626377102041
10	"WALKING_UPSTAIRS"	0.267121853404255	-0.161591924234043	0.931861027446809	-0.959216072340425	0.0648829303510638	-0.187220175510638	0.0733447168425532	-0.308534708121277	-0.157212539189362	-0.427291343617021	-0.139410790617021	-0.171957349438298	-0.20121432216383	-0.247598320858298	-0.218524716912766	-0.34130162006383
11	"WALKING_UPSTAIRS"	0.263775859277778	-0.238802959018519	0.892626155555556	-0.953463105740741	0.0968561683092593	-0.452961683518519	-0.0820909701727778	-0.501331630185185	-0.0645245413759259	-0.660431336111111	-0.355348902222222	-0.198733655611111	-0.495927371666667	-0.458255021296296	-0.471782782222222	-0.517811645740741
12	"WALKING_UPSTAIRS"	0.272970338653846	-0.290149192307692	0.938371473269231	-0.960246289807692	0.0728660813846154	-0.359856972115385	-0.0931234101769231	-0.526659296134615	-0.0455638872076923	-0.549999188461539	-0.321447925192308	-0.278929748076923	-0.385843754230769	-0.39060122	-0.426360331538462	-0.5604629635
13	"WALKING_UPSTAIRS"	0.258203939581818	-0.296284597454545	0.847634313454545	-0.946441502363636	0.0692442067545455	-0.487325539818182	-0.13829376226	-0.541066687090909	-0.0664817176345455	-0.631037584	-0.382460736363636	-0.266081292363636	-0.506212135636364	-0.514337759454545	-0.482113007636364	-0.562911002545455
14	"WALKING_UPSTAIRS"	0.26242106612963	-0.309396717592593	0.688256122222222	-0.928523640925926	0.0803303022222222	-0.368780418888889	0.0813841685037037	-0.454283337592593	-0.128266667862963	-0.646611034444444	-0.323508442240741	-0.304980247962963	-0.383497147037037	-0.41096787037037	-0.441048358648148	-0.464742933888889
15	"WALKING_UPSTAIRS"	0.270187595833333	-0.0260971840270833	0.918544812291667	-0.952562395625	0.07297243298125	-0.186944664541667	0.0903340029875	-0.415251317916667	-0.144485986527083	-0.525533949791667	-0.0746328434375	-0.00838243761666667	-0.2370530733125	-0.207231605488542	-0.361096856875	-0.4372253275
16	"WALKING_UPSTAIRS"	0.255986102627451	-0.397083831568627	0.826874282745098	-0.948413552745098	0.0762526677	-0.521089140196078	0.0718408878078431	-0.508087166666667	-0.140908293613922	-0.707264168627451	-0.474984014705882	-0.369636140980392	-0.546088862941176	-0.538073090196078	-0.53239971627451	-0.509896031372549
17	"WALKING_UPSTAIRS"	0.252604768583333	-0.062952754100625	0.853530565833333	-0.949460372291667	0.07680441704375	-0.292665827083333	-0.0304250571395833	-0.496562732729167	-0.142655397660417	-0.606044344375	-0.1397522212625	-0.0355381172854167	-0.360272225833333	-0.287219038291667	-0.416223018291667	-0.5244683916875
18	"WALKING_UPSTAIRS"	0.265401201896552	-0.380168286724138	0.883330258448276	-0.961738807068966	0.0812402028517241	-0.563202134655172	-0.0470683915017241	-0.593841504137931	-0.0899953036658621	-0.76068902862069	-0.465097261896552	-0.350639840862069	-0.589410590172414	-0.575331252413793	-0.59232371	-0.60071129637931
19	"WALKING_UPSTAIRS"	0.242118808925	-0.1287420952375	0.8294283725	-0.916495992	0.08315450836225	-0.1742790558	0.0388537087875	-0.4068000325	-0.1018063044	-0.23937641116	-0.15687949467775	-0.11993477534	-0.2053226461925	-0.2172651781	-0.194485509535	-0.4775147465
20	"WALKING_UPSTAIRS"	0.252098317156863	-0.116088676011765	0.777095717058824	-0.931405014313725	0.0836451256901961	-0.185695388078431	0.0659193258862745	-0.492701193921569	-0.148389168870392	-0.471107678431373	-0.140439074776471	-0.108444759592157	-0.256162264623529	-0.187090779486275	-0.372684353921569	-0.532021733921569
21	"WALKING_UPSTAIRS"	0.265194544680851	-0.240808282276596	0.781177210851064	-0.940911635531915	0.104034223065957	-0.424052014680851	0.062608688893617	-0.53190941893617	-0.144351492595745	-0.573541839148936	-0.319169340234043	-0.213184048	-0.436839580425532	-0.462972848723404	-0.446974007021277	-0.560968048723404
22	"WALKING_UPSTAIRS"	0.248391534566667	0.0835738640921429	0.889454382857143	-0.94063384047619	0.0877172239047619	-0.00853992680952381	0.13497880785381	-0.301491709628571	-0.148450080695476	-0.396699215238095	-0.0553996485285714	0.132048813464286	-0.0382449785166667	-0.0677978520178571	-0.19545699252381	-0.338139776690476
23	"WALKING_UPSTAIRS"	0.249995171031373	-0.243887818513725	0.843438810196078	-0.933344481568627	0.0723649984647059	-0.365398622764706	0.0957940245941176	-0.550664576666667	-0.109913094117647	-0.548318881568627	-0.272605689568627	-0.234309548019608	-0.365642513176471	-0.424877553333333	-0.430239229235294	-0.590430783921569
24	"WALKING_UPSTAIRS"	0.269881106779661	-0.344399351355932	0.906369500508475	-0.962190567457627	0.0862310100338983	-0.49876467220339	0.0883163772152542	-0.577426408813559	-0.146800845605424	-0.640489537966102	-0.395790553898305	-0.326165553050847	-0.515644617288136	-0.527104719152542	-0.503188684915254	-0.602945480677966
25	"WALKING_UPSTAIRS"	0.277995411384615	-0.459775646153846	0.927693239538462	-0.950878450307692	0.0740041435707692	-0.663642746307692	0.0556121923307692	-0.489011794784615	-0.126481161061538	-0.693854902307692	-0.521649838769231	-0.437975786923077	-0.668208156461538	-0.690213625846154	-0.476144998846154	-0.500119831476923
26	"WALKING_UPSTAIRS"	0.272691394545455	-0.169006952418182	0.942095257090909	-0.962011392181818	0.0755645318545455	-0.290879965872727	-0.0247950825654545	-0.550274396	-0.0975590199454545	-0.515829417272727	-0.242820756127273	-0.142843838381818	-0.304540556345455	-0.342075432	-0.427686570727273	-0.590812298
27	"WALKING_UPSTAIRS"	0.265770253921569	-0.295439547254902	0.868000278627451	-0.956433874705882	0.0734763532039216	-0.468066189411765	-0.0940344886803922	-0.562461004705882	-0.0937518711117647	-0.695774947647059	-0.417607401176471	-0.253504065686275	-0.50311385627451	-0.47892337254902	-0.544369229411765	-0.574254281745098
28	"WALKING_UPSTAIRS"	0.262005841764706	-0.242062430294118	0.854508231764706	-0.944697800196078	0.0706831871117647	-0.312671655921569	-0.129362970764706	-0.518818227843137	-0.080568055454902	-0.494282913529412	-0.266101343372549	-0.233726643921569	-0.318866730039216	-0.37027368	-0.403636283921569	-0.556383410588235
29	"WALKING_UPSTAIRS"	0.265423066877551	-0.0867715569693878	0.929258953877551	-0.954189013061225	0.106345193353878	-0.182365815065306	0.0931989463020408	-0.323904731622449	-0.130429072653061	-0.474932606326531	-0.109793480008163	-0.0790625306306122	-0.225067771046939	-0.211385397877551	-0.260519290404082	-0.350338205020408
30	"WALKING_UPSTAIRS"	0.271415642261538	-0.350504475230769	0.93182983	-0.954033624307692	0.0579840372876923	-0.535420203384615	-0.00355974576923077	-0.493837520761538	-0.108414261326154	-0.742749529538462	-0.420402828153846	-0.326260358153846	-0.55067842	-0.561565206615385	-0.488039003123077	-0.503484236964615
